46 46 46 46 46 46 46 46 46 46 46 46 46 46 46 46 46 46 46 46
46 46 46 46 46 46 46 46 46 46 46 46 46 46 46 46 46 46 46 46
46 46 46 46 46 46 46 46 46 46 46 46 46 46 46 46 46 46 46 46
46 46 46 46 46 46 46 46 46 46 46 46 46 46 46 46 46 46 46 46
46 46 46 46 46 46 46 46 46 46 46 46 46 46 46 46 46 46 46 46
46 46 46 46 46 46 46 46 46 46 46 46 46 46 46 46 46 46 46 46
46 46 46 46 46 46 46 46 46 46 46 46 46 46 46 46 46 46 46 46
46 46 46 46 46 46 46 46 46 46 46 46 46 46 46 46 46 46 46 46
46 46 46 46 46 46 46 46 46 46 46 46 46 46 46 46 46 46 46 46
46 46 46 46 46 46 46 46 46 46 46 46 46 46 46 46 46 46 46 46
46 46 46 46 46 46 46 46 49 49 46 46 46 46 46 46 46 46 46 46
46 46 46 46 46 46 46 46 49 49 46 46 46 46 46 46 46 46 46 46
45 45 45 45 45 45 45 45 48 48 45 45 45 45 45 45 45 45 45 45
45 45 45 45 45 45 45 45 48 48 45 45 45 45 45 45 45 45 45 45
19 19 19 19 19 19 19 19 53 56 19 19 19 19 19 19 19 19 19 19
19 19 19 19 19 19 19 19 53 47 19 19 19 19 19 19 19 19 19 19
19 19 19 19 19 19 19 19 47 56 19 19 19 19 19 19 19 19 19 19
19 19 19 19 19 19 19 19 50 56 19 19 19 19 19 19 19 19 19 19
19 19 19 19 19 19 19 19 19 53 47 19 19 19 19 19 19 19 19 19
19 19 19 19 19 19 19 19 19 47 56 19 19 19 19 19 19 19 19 19
19 19 19 19 19 19 19 19 19 53 47 19 19 19 19 19 19 19 19 19
19 19 19 19 19 19 19 19 19 19 19 19 19 19 19 19 19 19 19 19
19 19 19 19 19 19 19 19 19 19 19 19 19 19 19 19 19 19 19 19
19 19 19 19 19 19 19 19 19 19 19 19 19 19 19 19 19 19 19 19
19 19 19 19 19 19 19 19 19 19 19 19 19 19 19 19 19 19 19 19
19 19 19 19 19 19 19 19 19 19 19 19 19 19 19 19 19 19 19 19
19 19 19 19 19 19 19 19 19 19 19 19 19 19 19 19 19 19 19 19
19 19 19 19 19 19 19 19 19 19 19 19 19 19 19 19 19 19 19 19
2 2 2 2 2 2 2 2 2 2 2 2 2 2 2 2 2 2 2 2