2 19 19 19 19 19 2 2 2 2 2 2 2 2 2 2 2 2 2 2 2 2 2 2 2 2 2 2 2 2 2 2 2 2
2 19 19 19 19 19 2 2 2 2 2 2 2 2 2 2 2 2 2 2 2 2 2 2 2 2 2 2 2 2 2 2 2 2
2 19 19 19 19 19 2 2 2 2 2 2 2 2 2 2 2 2 2 2 2 2 2 2 2 2 2 2 2 2 2 2 2 2
2 19 19 19 19 19 2 2 2 2 2 2 2 2 2 2 2 2 2 2 2 2 2 2 2 2 2 2 2 2 2 2 2 2
2 19 19 24 19 19 2 2 2 2 2 2 2 2 2 2 2 2 2 2 2 2 2 2 2 2 2 2 2 2 2 2 2 2
2 19 19 23 19 19 2 2 2 2 2 2 2 2 2 2 2 2 2 2 2 2 2 2 2 2 2 2 2 2 2 2 2 2
2 24 19 19 21 19 2 2 2 2 2 2 2 2 2 2 2 2 2 2 2 2 2 2 2 2 2 2 2 2 2 2 2 2
2 19 23 19 19 19 2 2 2 2 2 2 2 2 2 2 2 2 2 2 2 2 2 2 2 2 2 2 2 2 2 2 2 2
2 19 19 19 19 19 19 19 19 19 19 19 19 19 19 19 16 16 16 16 16 16 16 16 16 16 16 16 16 16 16 16 16 2
2 19 19 19 19 19 19 19 19 21 19 19 19 19 19 19 16 16 16 16 16 16 16 16 16 16 16 16 16 16 16 16 16 2
2 19 23 19 24 19 19 20 19 19 19 19 19 19 19 17 13 13 13 13 13 13 14 13 13 13 13 13 13 13 13 13 13 2
2 20 19 19 19 19 19 19 23 19 24 19 19 19 23 18 13 13 13 13 13 13 22 13 13 13 13 13 13 13 13 13 13 2
2 21 19 24 19 21 19 19 19 24 19 19 19 20 23 17 13 13 13 13 13 13 22 13 13 13 13 13 13 13 13 13 13 2
2 19 19 19 19 24 19 19 19 19 19 19 19 20 19 18 13 13 13 13 13 13 15 13 13 13 13 13 13 13 13 13 13 2
2 2 2 2 2 2 2 2 2 2 2 2 2 2 2 2 2 2 2 2 2 2 2 2 2 2 2 2 2 2 2 2 2 2