2 2 2 2 2 30 27 27 27 27 27 27 27 27 27 27 27 27 27 27 27 29
2 2 2 2 2 30 25 25 26 25 25 25 25 25 26 25 25 25 25 25 25 29
2 2 2 2 2 30 32 32 32 32 32 32 32 32 32 32 32 32 32 32 32 29
2 2 2 2 2 30 33 33 33 33 33 33 33 33 33 33 33 33 33 33 33 29
2 2 2 2 2 30 31 31 31 31 31 31 31 31 31 31 31 31 31 31 31 29
2 2 2 2 2 30 25 25 26 25 25 25 25 25 25 25 25 25 25 25 25 29
2 2 2 2 2 30 25 25 25 25 26 25 25 25 25 25 25 25 25 25 26 29
2 27 27 27 27 27 25 25 34 28 28 28 28 28 28 28 28 28 28 28 28 2 2
2 25 25 25 25 26 25 25 29 2 2 2 2 2 2 2 2 2 2 2 2 2 2
2 25 25 25 25 25 25 26 29 2 2 2 2 2 2 2 2 2 2 2 2 2 2
2 28 28 28 28 28 28 28 2 2 2 2 2 2 2 2 2 2 2 2 2 2 2